,CCS,ATSC_ATSC8d,MATS_MATS3c,MATS_MATS5dv,GATS_GATS2c,GATS_GATS8dv,GATS_GATS7i,BCUT_BCUTdv-1l,BaryszMatrix_SpDiam_Dzare,Chi_Xp-1dv,ZModifiedIC_ZMIC3,GhoseFilter_GhoseFilter,MolecularDistanceEdge_MDEC-23,MolecularId_MID_C,MolecularId_MID_N,MolecularId_AMID_N,Diameter_Diameter,Radius_Radius
LMST01010014_14-15,221.549,-13.04526749,0.187613082,-0.047141988,0.964494188,0.881579959,1.022102905,0.988210622,253.7286767,13.94760944,28.31656718,0,23.48934887,57.61021388,2.141685897,0.069086642,15,8
LMST01010087_13-14,226.749,-11.59020326,0.162504334,-0.034344411,0.974178722,0.929183862,0.968589234,0.987897749,264.2691495,14.94199251,31.70875855,0,13.42324724,62.85466082,2.168012844,0.065697359,15,8
LMST01010088_15-16,223.73,-10.06447188,0.086242853,-0.002743039,0.868703078,0.888117663,1.021803411,0.993025293,263.6751006,13.97632955,26.51450638,0,24.60678181,57.83308725,2.143459204,0.069143845,16,8
LMST01010095_14-15,218.115,-9.124260355,0.092482958,-0.020544131,0.943180467,0.850964569,1.030574523,0.98821255,235.221427,13.49587043,24.65432486,0,23.63919357,57.5388409,2.14345458,0.071448486,15,8
LMST01010095_4-5,220.441,-1.334648258,0.128048116,-0.019267815,0.923648562,0.842631147,1.03842703,0.988211223,240.5270399,13.54052862,25.33852437,0,25.8871238,57.5803537,2.08645369,0.069548456,15,8
LMST01010096_12-13,218.349,-6.78625,0.109163835,-0.034861813,0.961728991,0.943872586,0.966067604,0.988210667,236.0062208,13.81318399,27.42489927,0,18.52362834,57.4746308,2.173881591,0.07246272,15,8
LMST01010097_11-12,218.883,-6.45125,0.112183125,-0.036045951,0.964894361,0.861373224,1.038967046,0.988210668,234.1067694,13.81318399,27.42489927,0,18.52157846,57.50020424,2.17303815,0.072434605,15,8
LMST01010099_4-5,220.436,-1.453125,0.122205115,-0.022282382,0.908632222,0.860561887,1.030705528,0.988210806,245.1690835,13.84522352,29.22536223,0,25.8871238,57.5803537,2.08645369,0.069548456,15,8
LMST01010103_22-23,241.908,-15.07908429,0.043612756,-0.039463035,0.843485089,0.851599432,0.89631649,0.991082478,382.7844317,15.73920898,29.70822204,0,17.21170103,67.4324565,2.143791016,0.049855605,17,9
LMST01010103_7-8,243.091,-13.70343392,0.088017798,-0.070976429,0.900897363,0.882634891,0.898416516,0.991082476,390.1044503,15.78386718,28.78382306,0,17.77451383,67.47294002,2.079963005,0.048371233,17,9
LMST01010143_1-3,217.088,-23.08390023,0.13272589,0.017985367,0.889739456,0.979928563,1.032492959,0.99145249,263.9480646,14.28729197,26.07621083,0,21.89893395,61.19871397,2.052257892,0.064133059,15,8
LMST01010143_13-14,225.948,-8.428571429,0.143413361,-0.025495469,0.989832268,0.9341348,0.935077989,0.991560656,247.8025287,14.24263378,27.14129952,0,15.69809684,61.08176495,2.16827576,0.067758618,15,8
LMST01010164_15-16,225.131,-10.85048011,0.087238378,0.012037115,0.849167604,0.987698433,1.018881003,0.988232232,257.4461259,13.92073598,28.46613026,0,23.80412067,57.63195516,2.143454076,0.06914368,15,8
LMST01010173_14-15,262.125,-14.46054308,0.151674836,0.035226655,1.01225089,0.950314593,1.107925629,0.988208009,427.909639,17.34621997,30.56940631,0,29.76651086,70.50169946,2.151819351,0.052483399,20,10
LMST01010178_17-18,231.551,-5.680367766,0.133318846,-0.031768901,0.805062854,0.909959635,0.917851915,0.99333092,318.3844876,14.40532617,27.83977854,0,16.13765576,58.0896124,2.145706219,0.056465953,16,8
LMST01010207_12-13,223.888,-9.196863169,0.131764672,-0.060787965,0.941951296,0.941580112,1.003055722,0.987937343,259.9844124,14.59411108,30.79574627,0,20.91324403,61.13593901,2.157305349,0.067415792,15,8
LMST01010226_12-13,225.854,-6.5,0.069493248,-0.013736193,0.937088666,1.010399596,0.979107837,0.991688307,255.7693752,13.86636427,25.64405942,0,20.89664515,59.59476616,2.174966516,0.067967704,15,8
LMST01010226_1-3,231.9,-19.0,0.057656241,0.025734613,0.870740222,0.946990764,1.098993405,0.991550217,272.0827811,13.91102247,24.80928248,0,27.48940954,59.71763614,2.052333969,0.064135437,15,8
LMST01010249_12-13,221.177,-6.409375,0.108392501,-0.104032634,0.966432752,0.88243377,0.918983672,0.988210966,249.3869341,14.07678728,27.15658635,0,17.28689352,57.68016059,2.153410188,0.067294068,15,8
LMST01010286_14-15,214.407,-0.143984221,0.088941023,-0.054279575,0.919461959,0.842951729,0.924882735,0.988242412,228.0024906,13.75767211,26.30704867,0,22.34230237,57.79729254,2.14344389,0.07144813,14,7
LMST01010403_11-12,223.286,-3.110756278,0.104933776,-0.002369293,1.217130316,0.794341837,1.034036758,0.993055259,311.4118124,15.13493256,25.67496782,0,22.30376375,61.82136103,2.153394715,0.058199857,16,8
LMST01010411_19-20,264.912,-26.72727273,0.115553195,0.000158435,0.915942317,0.936077805,0.972206185,0.991074659,496.3708753,18.49410157,31.48465524,0,18.62542218,76.21660445,2.144866598,0.042897332,19,10
LMST01010413_14-15,228.618,-2.419515571,0.083306365,-0.048872061,0.764640506,0.839589168,0.971519091,0.991586887,331.5165808,14.85465168,29.17353203,0,16.94533383,63.52851518,2.162022257,0.055436468,16,8
LMST01010434_14-15,265.205,-5.872,0.157096327,-0.050062003,0.929853886,0.916911208,1.040143223,0.988240738,455.3626105,17.10408887,28.97438562,0,22.91863768,70.66973015,2.171072464,0.047197227,20,10
LMST01010442_8-9,294.735,-15.6970372,0.073355505,0.050473931,0.824697901,1.058155123,1.081056568,0.987520111,845.3618709,22.72797261,38.39661276,0,34.74538402,93.62840519,2.095575425,0.038806952,30,15
LMST01010469_15-16,223.642,-12.365,0.11413083,-0.048308317,0.797535412,0.872236566,0.972946568,0.991787409,289.7512283,13.60128402,27.52365144,0,16.23534339,57.83325793,2.169641198,0.060267811,15,8
LMST01010495_9-10,246.177,22.88345679,0.055907137,-0.010558617,0.990099277,1.101460536,0.979820889,0.991688249,338.4024481,15.97119203,30.67899528,0,20.85473156,66.91236364,2.150283775,0.053757094,16,8
LMST01030094_13-14,221.82,-0.840877915,0.105339425,-0.053395943,0.937652168,0.912689834,0.919409148,0.98800036,242.9940179,13.92744442,27.55574307,0,23.31788426,59.34186214,2.15810688,0.069616351,15,8
LMST01030094_5-6,220.531,-1.847736626,0.1428517,-0.016847876,0.926022373,0.867139637,1.012942339,0.987998739,252.3932303,13.97210262,28.5677548,0,24.10102045,59.40598915,2.085971367,0.067289399,15,8
LMST01030096_15-16,225.699,-12.39715488,0.095213194,0.011254472,0.93464064,0.906778139,0.988637278,0.987997558,258.2233046,14.23988736,30.58894228,0,23.80412067,59.36411815,2.143454076,0.06914368,15,8
LMST01030100_0-1,234.99,-20.96825397,0.172457064,0.022043828,0.923092006,0.994305162,1.074889266,0.988141439,275.5170037,14.42322633,27.53233378,0,25.72898554,61.32409327,2.048386237,0.06401207,15,8
LMST01030100_10-11,229.013,-4.80952381,0.11860229,-0.038819481,0.938598752,0.933864895,0.933709602,0.988138595,262.8199045,14.34831138,26.30298818,0,23.05938465,61.18819789,2.157769809,0.067430307,15,8
LMST01030110_1-3,228.775,-17.75857339,0.081748648,0.072177216,0.905946534,1.010304105,1.058036233,0.991495493,264.3765357,13.82515012,26.39472933,0,23.79944298,59.40430076,2.047969499,0.066063532,15,8
LMST01030114_15-16,222.612,-10.38683128,0.097341953,-0.000981251,0.93742269,0.866496758,0.998268351,0.988000294,249.6812153,13.92339078,26.91280233,0,23.80412067,59.36411815,2.143454076,0.06914368,15,8
LMST01030114_5-6,219.76,-2.578875171,0.141643543,0.000415352,0.931263489,0.85837207,1.007166332,0.987998815,254.1359768,13.96804898,28.17358412,0,24.10102045,59.40598915,2.085971367,0.067289399,15,8
LMST01030118_12-13,224.33,-9.598925824,0.116658639,-0.014771393,0.962520974,0.892600738,1.008840406,0.987997647,249.3075334,14.2238676,30.09815128,0,19.03444446,59.32548536,2.173033229,0.070097846,15,8
LMST01030138_16-17,225.552,-2.75,0.098863988,0.001397804,0.92962472,0.876907281,0.968176469,0.987999927,267.8234901,14.73988736,29.28929508,0,24.52064739,61.62442692,2.143459,0.066983094,15,8
LMST01030139_0-1,223.375,-20.65603029,0.166535018,0.031495247,0.913404643,1.036902656,1.047484476,0.988141186,282.7771148,14.7238676,30.98093385,0,25.72898554,61.32409327,2.048386237,0.06401207,15,8
LMST01031018_18-19,183.863,7.531855956,0.118962275,-0.045781498,0.928008933,1.159501857,0.843465157,0.993384956,140.4172958,10.50887303,21.92990743,1,18.14934233,45.97442835,2.151879504,0.08607518,11,6
LMST01031021_1-2,227.837,-2.6514329,0.130448851,0.003521168,0.925549872,0.872705337,1.062204143,0.987892597,283.7527752,15.06628964,31.54638909,0,23.08271985,63.06525703,2.084598057,0.063169638,15,8
LMST01031048_4-5,215.818,1.101249178,0.148720087,0.004840157,0.931772275,0.821413816,1.009264953,0.987497737,237.6393121,13.59537018,23.80406424,0,25.61067978,57.57519006,2.084392842,0.069479761,15,8
LMST01031049_14-15,216.932,-6.688362919,0.095227406,-0.00996299,0.93893694,0.829171574,0.968225806,0.987498523,232.1207266,13.55071198,24.10491432,0,23.91157779,57.53214677,2.143452428,0.071448414,15,8
LMST01031081_0-1,230.666,-17.02728988,0.147540363,0.039421587,0.907190045,1.005273424,1.048263742,0.988241245,268.820951,14.29634724,30.22060799,0,25.6488282,59.47796738,2.04838646,0.066076983,15,8
LMST01031101_14-15,228.785,-14.41259414,0.10746741,0.012676385,0.888598857,0.930495337,0.989737819,0.988239539,267.4359599,13.68280733,25.05980842,0,23.11233922,59.43843495,2.132885978,0.064632908,14,7
LMST01031169_16-17,237.735,-12.95809685,0.078887879,0.01153071,0.842465547,1.01672451,1.025377478,0.987944412,300.9474602,15.44992896,31.70265328,0,21.17377178,63.52500534,2.087179143,0.056410247,15,8
LMST01031221_1-10,231.144,-19.49975309,0.080731146,-0.020981555,0.830658121,0.968327925,1.069537336,0.987965301,297.3984063,14.98210776,27.95088369,0,18.20107302,61.33696687,2.123090039,0.058974723,15,8
LMST01031229_22-23,254.766,-30.91026487,0.121744732,-0.021621512,0.941996952,0.977388604,1.031751878,0.991472698,360.7668309,17.52521875,28.75716656,0,27.89240217,72.52126782,2.15734841,0.047941076,15,8
LMST01031248_0-1,232.358,-14.09868512,0.132239836,-0.029492898,0.829653987,0.924568042,1.065839933,0.988142377,277.6235865,14.49700322,27.52532293,0,22.20935282,61.25345765,2.048351862,0.062071269,15,8
LMST01031264_0-1,233.96,-14.25,0.164721425,0.048510386,0.870691348,0.984004196,1.032562369,0.988242245,271.5392592,13.92203808,27.63322662,0,21.90343742,59.41691519,2.048367208,0.064011475,15,8
LMST01031264_17-18,229.329,-13.75,0.174468492,-0.013015272,0.924658055,0.971343212,0.979572829,0.988238488,266.0118333,13.89178132,26.44582277,0,22.99778438,59.34937215,2.102316095,0.065697378,15,8
LMST01040122_13-14,232.288,-15.90914008,0.097077973,0.010012042,0.940599126,0.934002915,1.016234138,0.98722515,275.902494,14.77789216,28.04188139,0,25.45190995,61.37448566,2.143463325,0.066983229,15,8
LMST01040133_11-12,229.629,-6.257977285,0.104380868,-0.039100722,0.941185441,0.95685314,0.942545584,0.98722515,269.0709432,14.7819458,27.86234189,0,24.92512789,61.35219736,2.158142136,0.067441942,15,8
LMST01040142_13-14,229.178,-16.0861678,0.098228674,0.011130416,0.944128366,0.926645208,1.016030529,0.987228647,267.4137246,14.4672142,25.77903084,0,25.45190995,61.37448566,2.143463325,0.066983229,15,8
LMST01040142_2-3,230.907,-11.66666667,0.134453897,0.043412302,0.935980828,0.941218162,1.031486151,0.987228641,274.4335403,14.4672142,25.63268893,0,26.04441894,61.39357491,2.09606128,0.065501915,15,8
LMST01040148_10-11,235.454,-13.22812776,0.138729515,-0.013325933,0.973872513,0.93937047,1.031927368,0.987225149,279.8592136,15.18939275,28.94182626,0,21.0793993,63.181896,2.173009135,0.065848762,15,8
LMST01040150_3-4,230.279,-9.883474309,0.149396538,-0.025959296,0.930444889,0.940741669,1.001657356,0.987225176,288.8541896,15.23826904,30.14876561,0,26.4752931,63.25590627,2.094827583,0.063479624,15,8
LMST01040242_11-12,234.78,-8.088246434,0.122475106,-0.039634526,0.946549977,0.961597474,0.973950524,0.987225149,282.1109917,15.20946616,29.23287046,0,24.65148468,63.19853336,2.157805061,0.065388032,15,8
LMST01040270_15-16,232.393,-15.53719008,0.085061092,-0.019044148,0.834088956,0.912677305,0.988211359,0.98722515,288.9315247,14.93316457,26.23797121,0,21.95636313,61.41291533,2.13676145,0.062845925,15,8
LMST01040272_21-22,250.032,0.504691358,0.133090021,-0.042332656,0.875846962,0.904074686,0.897006552,0.991799793,375.0459484,15.43346661,30.23425328,0,15.99294684,62.57666476,2.145717724,0.051088517,16,8
LMST01050016_4-5,230.32,-11.85485537,0.120594801,-0.065994414,0.946558334,0.954687057,1.002175122,0.988640108,297.7947328,14.8335685,28.2262593,0,24.10102045,65.01411712,2.096663039,0.06166656,15,8
LMST01060005_11-12,219.483,-4.160493827,0.089083804,-0.02534014,0.945204269,0.80646813,1.098845786,0.988140307,246.8828278,13.89651733,24.90756683,0,24.12090012,59.36130287,2.143449772,0.069143541,15,8
LMST01060021_11-12,238.463,-11.35556787,0.106203155,0.015254688,0.886446354,1.006181862,1.0088779,0.987905652,315.0670082,16.2999346,29.71005609,0,19.72861015,67.51609537,2.136924342,0.054792932,15,8
LMST01070025_12-13,216.36,0.640411537,0.113044991,-0.058080095,0.960834568,0.940771113,0.923511186,0.988233874,229.5269422,13.57564392,25.51461793,0,19.78442022,56.35670423,2.144064452,0.069163369,14,7
LMST01080011_8-9,220.71,3.996474924,0.08877965,-0.008800958,0.95022967,0.873458659,1.03057333,0.993030192,248.7785808,14.25157326,25.4317161,0,23.20289289,59.18139009,2.144185653,0.064975323,15,8
LMST01080039_14-15,225.051,4.36875,0.044798934,-0.001040626,0.901974898,0.918310085,1.026976602,0.993040073,262.4584006,14.34310548,25.57681052,0,23.00846116,59.26255617,2.144186796,0.063064318,15,8
LMST01080045_13-14,216.447,3.708086785,0.063396794,-0.020392044,1.003282469,0.904878703,1.027279818,0.993030192,237.2770297,14.16004103,24.37465913,0,23.26786027,59.10305628,2.144163728,0.067005116,15,8
LMST01090001_8-9,218.092,4.659830155,0.075893165,-0.014806451,0.93549064,0.900003889,0.946296607,0.993053281,249.0209057,14.20497774,24.16619033,0,21.00115274,59.10291227,2.144157304,0.064974464,15,8
LMST01100001_0-1,238.848,-31.92740741,0.190046335,0.021654603,0.899507914,1.088755092,0.936394564,0.987970302,299.3879895,15.48825124,32.67667323,0,18.03661324,65.36491322,2.048320664,0.060244725,15,8
LMST01100011_0-1,237.631,-28.2457392,0.174118906,0.031158225,0.899926926,1.060526482,0.945110582,0.988143815,285.9220123,15.15491791,29.77559697,0,20.59926957,63.59219531,2.048321055,0.062070335,15,8
LMST01100056_0-1,259.498,-19.01991852,0.044717315,0.04428804,0.753613177,1.084400119,1.030496732,0.993028368,363.1731567,16.30145932,27.6660748,0,22.69763564,68.0807818,2.018283589,0.05045709,16,8
LMST01110005_12-13,229.542,-6.744794765,0.099262154,-0.003629155,0.941800454,0.874043167,1.028634283,0.988159231,267.6895039,14.43519246,26.94256241,0,24.18207725,61.75706387,2.143468335,0.066983385,15,8
LMST01120001_17-18,201.635,1.668077523,0.147590184,0.020158525,0.905148691,0.860734571,0.877780638,0.993459013,200.9174368,12.25409872,25.33153883,1,19.65051312,50.75431248,2.12376939,0.073233427,13,7
LMST01120002_18-19,206.086,3.263810124,0.078887914,-0.00298609,0.842984191,0.890785234,0.845033061,0.99345978,210.9038157,12.44719987,24.61105987,0,19.87524924,50.86056534,2.122614625,0.06847144,13,7
LMST01120004_22-23,202.203,5.101928375,0.134636895,5.67e-06,0.891921317,0.959629163,0.871096258,0.993591378,209.1529347,12.27847612,24.77961852,1,21.32367023,51.034009,2.123837681,0.070794589,13,7
LMST01120008_18-19,200.324,3.948096886,0.121175016,0.009656135,0.870355551,0.802991795,0.862255056,0.993459773,205.0693326,12.35566765,25.26006638,1,20.21618304,50.79880903,2.123446546,0.070781552,13,7
LMST01120027_14-15,201.095,-7.200302343,0.040660449,0.028461585,0.858124197,0.894051842,0.974425806,0.993462331,191.860678,12.01203685,24.57102008,1,16.65213786,50.97395414,2.147134173,0.074039109,13,7
LMST01130002_30-31,217.276,12.12037037,0.121564207,0.013746116,0.806469499,0.952771374,0.953949473,0.99338551,233.0168251,13.10347066,25.04108264,0,19.89597571,56.74040724,2.136963659,0.062851872,14,7
LMST01130003_6-7,207.738,-1.1184573,0.125169997,0.071649485,0.811662407,1.070266873,0.981851107,0.993462347,206.7354024,12.18172278,23.99521461,1,20.93412291,52.82243522,2.134235749,0.071141192,14,7
LMST01150004_13-14,220.33,3.210703413,0.055083311,-0.01794863,0.965257437,0.921154914,1.013259477,0.993030173,239.0959488,14.27079514,24.14731036,0,23.26786027,59.10305628,4.185973819,0.130811682,15,8
LMST01160004_1-2,232.091,-9.568055321,0.156807507,-0.00731965,1.023794117,1.03094741,1.041598531,0.993033651,272.1949006,13.91584292,24.75750111,0,24.84298445,60.37713533,2.084460915,0.063165482,15,8
LMST01160004_17-18,227.79,-8.244729297,0.148123165,-0.011365289,0.967052711,1.047769972,1.007444887,0.993050842,272.0162754,13.96050111,26.29694063,0,24.27972746,60.36476943,2.134851139,0.064692459,15,8
LMST01160005_14-15,221.902,-6.934258583,0.162566541,-0.007943359,0.985363602,1.033334103,1.051595381,0.993042177,253.4597288,13.58479824,25.13210692,0,25.25933656,58.52151089,2.134851254,0.066714102,15,8
LMST01160007_14-15,222.857,-6.503462604,0.148294106,0.004828959,0.974873923,1.00973277,1.055021024,0.993042177,256.9776522,13.88122142,25.85988648,0,25.25933656,58.52151089,2.134851254,0.066714102,15,8
LMST01160023_1-2,227.16,-18.67060213,0.179592704,-0.019016963,0.968263893,1.037036322,1.033919867,0.993033652,277.0258082,13.79571354,23.88808622,0,21.09096076,60.39478586,2.084388174,0.059553948,14,7
LMST02010024_5-6,167.466,2.5625,0.084952732,-0.008029307,0.725688431,1.216885553,0.701894815,0.993592159,107.2356466,8.991349047,20.5143487,1,19.89235247,40.29488324,2.158437805,0.098110809,10,5
LMST02020005_7-8,174.537,8.805170822,0.089899172,0.029604091,0.828886434,0.855984056,0.962659464,0.993462312,124.8862819,10.20552193,22.45139335,1,16.8566748,42.06618618,2.142851685,0.093167465,10,5
LMST02020010_3-4,184.252,-4.495834453,0.170563352,-0.003606912,0.89289796,0.929444026,0.858561341,0.993042588,142.4729606,10.85165231,22.64573064,1,14.11053538,45.71089314,2.132138758,0.08528555,10,5
LMST02020012_8-9,177.046,0.426666667,0.085456439,0.049625264,0.809559373,0.975002046,0.95315418,0.993394816,135.3280571,10.5775598,22.26850784,1,14.46893317,43.88201876,2.142847112,0.089285296,10,5
LMST02020103_7-8,174.853,10.40661157,0.093640366,0.032929699,0.874084857,1.021399191,0.938340481,0.993462585,123.9759467,10.05807715,20.60927623,1,16.8566748,42.06618618,2.142851685,0.093167465,10,5
LMST02030089_10-11,187.856,-6.397502601,0.122709792,0.00409572,0.868578295,0.993345967,0.953474472,0.993385481,157.98804,11.03168395,23.09380662,1,16.02250477,45.997885,2.143141348,0.082428513,11,6
LMST02030129_19-20,226.711,-9.29754847,0.127769869,0.017502271,0.945416636,1.207553896,1.005912202,0.987700272,310.8479928,14.09776207,24.75950962,0,20.63123775,58.02962398,2.134406738,0.06098305,18,9
LMST02030178_25-26,196.521,-0.615772235,0.161344581,-0.045391137,0.90224095,0.971098212,1.021225796,0.993055279,180.8926537,11.28070336,22.78084398,0,16.908661,48.11978584,2.130488203,0.07346511,12,6
LMST02030215_0-1,225.271,-6.19084256,0.037962077,0.027854874,0.909828407,1.090404394,1.001588495,0.99331838,220.7749334,12.97620826,28.70324081,0,25.26240694,53.98364661,2.033645291,0.065601461,14,7
LMST02030251_5-6,187.098,-3.36,0.109866816,-0.057559873,0.763067653,0.752193923,1.057872409,0.993053846,157.3030541,10.77026028,23.18843712,1,15.86453505,46.16408189,2.145354042,0.076619787,11,6
LMST02030251_7-8,186.821,2.88,0.114173334,-0.090760268,0.821807303,0.897440919,0.910436893,0.993056003,157.060806,10.72560208,23.88501554,1,14.52716453,46.09951688,2.168948612,0.07746245,11,6
LMST02030252_10-11,192.636,3.951357162,0.099279275,0.010515058,1.104497587,1.036796985,1.055828889,0.993045711,158.3929121,11.00881228,22.2574973,1,17.021612,47.85118407,2.140272418,0.079269349,12,6
LMST02030260_3-4,189.437,-8.714285714,0.117475208,-0.010838662,0.909922666,0.93725159,0.961257431,0.993388453,149.2499789,10.30996514,22.0285037,1,18.53810575,46.06351103,2.124703769,0.081719376,11,6
LMST02030271_9-10,192.337,-7.00390625,0.155329683,-0.014006326,0.837147841,1.000362502,0.949335915,0.993462481,179.0675575,11.30385101,23.35432324,0,17.2674364,46.28761737,2.134368073,0.076227431,12,6
LMST03010031_7-8,215.391,-21.991875,0.064804163,0.026539125,0.854554239,0.955631399,1.040831756,0.991503029,271.3076452,13.38534255,24.42852131,0,22.90405004,58.65083728,2.131199874,0.066599996,15,8
LMST03010031_9-10,212.336,-10.615,0.071054333,0.015657147,0.856541106,0.990479115,1.010406944,0.991503046,267.7239364,13.38534255,24.42852131,0,22.40923702,58.63383401,2.145404739,0.067043898,15,8
LMST03010041_4-5,217.259,-10.8600823,0.05744522,0.004231771,0.820486324,1.022916667,1.014330978,0.991503065,281.3019065,13.48691148,24.72492501,0,22.24650165,58.72218537,2.145425739,0.065012901,15,8
LMST03020001_0-1,228.419,-22.86390533,0.136912959,0.044463897,0.941736869,1.086357543,1.113470798,0.988299645,247.086387,13.34182243,24.70826585,0,24.1755575,56.84008192,2.074061215,0.069135374,15,8
LMST03020001_7-8,222.687,-18.37869822,0.080393535,0.005037447,0.948948934,0.994610265,1.056531847,0.98830072,248.5201565,13.26690747,24.93534807,0,23.7840107,56.72817171,2.131200071,0.071040002,15,8
LMST03020004_0-1,189.961,-20.87153991,0.140306148,-0.038537636,0.903336178,0.978696198,1.053453645,0.993582256,180.0332411,10.72409107,22.43217701,1,21.78554577,45.62963765,2.072004939,0.076740924,12,6
LMST03020007_2-3,190.112,-13.1723356,0.027142198,-0.020418395,0.843653294,0.949593488,1.003095518,0.993050875,183.4663974,10.96631487,21.48850657,1,20.00789131,47.26995,2.131217869,0.078933995,12,6
LMST03020009_4-5,190.268,-1.5,0.068060255,-0.022330685,0.867119491,1.059898143,0.959555546,0.988485106,169.2145156,10.97462954,22.81893789,1,17.96228275,46.96383338,2.144584262,0.08248401,11,6
LMST03020011_2-3,195.13,-13.21585799,0.036076662,-0.019797397,0.832773992,0.96850975,0.987383423,0.993043619,184.4219437,11.12175533,21.30217525,1,20.00789131,47.26995,2.131217869,0.078933995,12,6
LMST03020011_4-5,193.601,-2.992426036,0.065641476,-0.009636106,0.835496058,1.089656005,0.940242942,0.993043617,182.3732464,11.12175533,21.67415898,1,19.49407247,47.2558946,2.145028279,0.079445492,12,6
LMST03020013_2-3,196.711,-12.05970149,-0.009059232,-0.023770948,0.677763195,0.898816015,0.967370342,0.993043615,214.7117427,11.5868119,22.09240201,1,21.54331386,49.42984113,2.131272363,0.07349215,13,7
LMST03020013_4-5,194.026,-7.313655603,0.01370145,-0.013360531,0.678352556,0.980346807,0.941938385,0.993043612,212.0830106,11.5868119,22.45850221,1,21.01615349,49.41556058,2.145289853,0.073975512,13,7
LMST03020322_2-3,211.887,-14.03566529,0.003371698,-0.02470153,0.812538956,0.945831733,1.026287922,0.991758548,296.3491147,13.54935442,23.59651128,0,22.49633586,58.90760054,2.131305788,0.064585024,16,8
LMST03020322_4-5,217.152,-6.617283951,0.032691487,-0.016067342,0.814745085,1.030748915,1.004556474,0.991758582,293.0219418,13.54935442,23.92637301,0,21.89589959,58.89317241,2.145450292,0.065013645,16,8
LMST03020330_2-3,233.782,-20.9441138,0.017763378,0.01103932,0.967763859,0.972686822,1.044276139,0.991702843,298.354998,13.77145339,24.0424282,0,21.90938377,58.73964735,2.131304095,0.064584973,16,8
LMST03020330_4-5,221.914,-12.00914501,0.048613906,0.017328461,0.972372147,1.031292415,1.021221542,0.991702871,295.0323579,13.77145339,24.90920285,0,21.32380626,58.72522628,2.145442164,0.065013399,16,8
LMST03020336_4-5,218.832,-13.48126115,0.069911492,-0.042686101,0.840089389,1.013885089,0.999458233,0.991642385,276.5096256,13.70183913,25.12136886,0,21.32380626,58.65518598,2.145428288,0.067044634,15,8
LMST03020339_4-5,219.928,-12.56394252,0.076944642,-0.003773862,0.843476697,1.045976046,1.057552879,0.991745166,296.6721742,13.82886211,26.01553571,0,21.67811596,58.86541955,2.145442164,0.065013399,16,8
LMST03020340_4-5,216.895,-14.32660764,0.042972302,0.006877192,0.815130681,0.980276531,1.009077747,0.991756332,291.5467436,13.84896492,24.72564267,0,23.35814199,58.93043088,2.146004934,0.065030453,16,8
LMST03020341_4-5,216.849,-14.32660764,0.042972302,0.006877192,0.815130681,0.980276531,1.009077747,0.991756332,291.5467436,13.84896492,24.72564267,0,23.35814199,58.93043088,2.146004934,0.065030453,16,8
LMST03030001_0-1,232.419,-24.25377229,0.141001931,0.068727167,0.938260805,1.0808755,1.069143818,0.988059336,262.4686961,13.75250603,27.45144539,0,24.5190068,58.66536061,2.07406115,0.066905198,15,8
LMST03030001_9-10,218.576,-10.13244932,0.09257472,0.020132009,0.949789157,1.014386894,0.990512712,0.988060061,260.45122,13.67759107,28.05064724,0,23.56139969,58.53644737,2.14540367,0.06920657,15,8
LMST03040002_0-1,239.332,-27.3622449,0.142380225,0.065677861,0.943169317,1.096115094,1.099630087,0.987225151,279.895784,14.29051083,24.9275963,0,26.14292407,60.67570157,2.074062354,0.064814449,15,8
LMST03040002_9-10,227.307,-12.47902494,0.094506461,0.019222522,0.954632583,1.032537176,1.018826667,0.987225151,277.7591292,14.21559587,25.8422174,0,25.14773101,60.54675267,2.145440672,0.067045021,15,8
LMST03050001_0-1,231.991,-28.13146936,0.146836509,0.041554831,0.948967203,1.063048673,1.115551532,0.987225176,270.456973,13.97401425,23.59174436,0,26.14292407,60.67570157,2.074062354,0.064814449,15,8
LMST03050001_9-10,223.817,-11.90481856,0.099410737,-0.005759996,0.960144936,1.020236606,1.029607025,0.987225176,268.3506814,13.89909929,23.4854626,0,25.14773101,60.54675267,2.145440672,0.067045021,15,8
LMST03060001_7-8,228.548,-19.95229386,0.084885828,0.031417252,0.945487253,0.994894427,1.020568779,0.988060048,263.9005666,13.67759107,27.67415032,0,24.04886501,58.55345066,2.131199651,0.068748376,15,8
LMST03060001_9-10,226.624,-10.13244932,0.09257472,0.020132009,0.949789157,1.014386894,0.990512712,0.988060061,260.45122,13.67759107,28.05064724,0,23.56139969,58.53644737,2.14540367,0.06920657,15,8
LMST04010142_21-22,196.199,5.384489796,0.047567992,-0.037563891,0.684624261,1.077275124,0.912950634,0.993043435,196.5379492,12.48288049,25.79251493,1,20.90682045,52.06573297,2.152656912,0.076880604,13,7
LMST04010144_9-10,193.39,0.075102041,0.05407976,-0.00105908,0.679756484,0.938941602,1.043880038,0.993043551,195.2384485,12.48288049,24.5859238,1,20.74013236,52.08483597,2.150430881,0.076801103,13,7
LMST04010214_15-16,210.853,-7.864969136,0.102155537,0.006357079,0.723163862,1.137730922,1.001946504,0.993043452,227.2258027,12.66594494,25.15795817,0,22.57426779,52.19636202,2.130896491,0.071029883,14,7
LMST04010218_24-25,208.346,0.5,0.051945488,-0.00607494,0.685332335,1.118197279,0.933497515,0.993043446,221.8920992,12.65590824,25.15795817,0,22.01249867,52.18276651,2.136779944,0.071225998,14,7
LMST04010220_12-13,207.813,1.845679012,0.044822362,-0.014445948,0.642793785,0.980768075,0.961131513,0.993041321,217.6922042,12.68196471,25.39016372,0,23.80890653,52.22601906,2.131909853,0.071063662,14,7
LMST04010227_14-15,207.598,1.116719835,0.054908377,-0.009866125,0.679419619,1.02679975,0.915479711,0.993043446,226.372767,12.75747716,24.74431479,0,21.67424713,52.22828858,2.136595268,0.068922428,14,7
LMST04010230_2-3,206.487,8.62037037,0.124893661,-0.004538291,0.701190846,0.980066344,1.032110821,0.993062523,226.8362617,12.69200141,26.59095747,0,23.07410378,52.23925611,2.075400246,0.069180008,14,7
LMST04010235_14-15,207.916,-6.967030519,0.088795998,0.013605442,0.709286664,1.227119594,1.035094024,0.993043457,212.7948008,12.10448829,23.8713194,1,22.56008703,52.15549009,2.134815,0.07361431,14,7
LMST04010466_19-20,231.709,-8.130021914,0.116335577,-0.016726506,0.95677844,1.093755059,1.068284653,0.993048627,250.1279913,13.22880954,24.29124354,0,25.47503893,58.02651581,2.105206411,0.061917836,15,8
LMST04010466_4-5,230.831,4.96274653,0.138346361,-0.016014079,0.987414737,1.042450894,1.064807938,0.993062523,255.4985622,13.22880954,24.9738576,0,24.38974176,58.01339305,2.08469587,0.061314584,15,8
LMST04020042_12-13,212.972,-7.710237814,0.051327445,0.015090244,0.676991231,0.876398422,0.938208611,0.993032697,255.4765892,13.46825957,25.6302386,0,23.80412067,55.99243888,2.143454076,0.06914368,15,8
LMST04030105_26-27,222.044,-16.56058528,0.083267999,-0.008841839,0.799522313,0.924553349,0.994362904,0.991703968,274.5019271,13.89992517,26.80282362,0,21.59401786,57.70879163,2.132243255,0.064613432,15,8
LMST04030145_1-2,224.251,-13.25,0.149398818,0.009697077,0.753543464,0.975586587,1.076401846,0.993035111,290.0244849,13.9456042,28.81338673,0,25.90746112,58.02482592,2.075812531,0.064869142,16,8
LMST04030174_16-17,226.053,-9.104699584,0.104776011,-0.008594594,0.843771941,0.990831326,0.983175811,0.988232319,263.6025236,14.02910496,28.92086907,0,23.08601779,57.659045,2.136787984,0.066774625,15,8
LMST04030214_11-12,234.347,-19.03114187,0.087710169,0.01805248,0.791805038,1.032647355,1.022641094,0.993035827,317.970025,14.98378705,26.10517914,0,28.93892138,64.05004669,2.135491413,0.057715984,16,8
LMST04030214_15-16,228.363,-17.34948097,0.090838364,0.001756094,0.78364826,1.014636064,1.014692613,0.993035771,317.9780266,15.02844525,25.73330967,0,30.83898597,64.09751129,2.105298888,0.05689997,16,8
LMST04040011_23-24,245.18,-11.42948097,0.123142841,-0.114288617,1.080176943,1.016691962,0.945940756,0.992749069,318.4167059,14.99886515,24.68617319,0,22.77066085,64.29899923,2.104897805,0.05688913,17,9
LMST04050019_13-14,201.09,-2.33984375,0.157902275,0.00210461,1.020553158,0.895544016,1.080167583,0.993053288,191.0041161,11.53016409,24.10432324,1,19.47820433,49.96041951,2.134797959,0.076242784,13,7
LMST04050019_17-18,202.33,-0.44140625,0.163176475,-0.020112928,1.007383789,0.86483965,1.061031591,0.99305109,191.1187893,11.57482228,23.33778184,1,21.50966885,50.00764815,2.104686402,0.075167372,13,7
LMST04060012_0-1,200.996,4.078367347,0.105391459,0.003362836,0.774217481,0.801109684,0.927292043,0.993055229,188.6869932,12.21695747,24.53738184,1,23.26987397,49.93217932,2.01631516,0.072011256,13,7
